lastAccountName: nhgcdpoiu
timestamps:
  login: 1611908395326
  lastteleport: 1611910060996
  logout: 1611911096252
ipAddress: 127.0.0.1
lastlocation:
  world: world
  x: 231.47961340221582
  y: 70.09438838884624
  z: 314.5302650934239
  yaw: 6.2297363
  pitch: 75.21078
logoutlocation:
  world: world
  x: 206.04556843538586
  y: 116.87802882735237
  z: 519.5266853407196
  yaw: -238.39104
  pitch: 47.849026
