lastAccountName: L_aster_
timestamps:
  login: 1611987095354
  lastteleport: 1611904523328
  logout: 1611988684262
ipAddress: 127.0.0.1
lastlocation:
  world: world
  x: 222.9255242330898
  y: 70.0
  z: 368.67354142956106
  yaw: 346.62585
  pitch: 34.481407
logoutlocation:
  world: world
  x: 282.71762736939525
  y: 12.0
  z: 336.5218622331371
  yaw: 342.9463
  pitch: 57.30616
