lastAccountName: 白诺R
timestamps:
  login: 1611988712599
  logout: 1611988724361
ipAddress: 127.0.0.1
lastlocation:
  world: world
  x: 247.5
  y: 70.0
  z: 311.5
  yaw: 4.727317
  pitch: 0.0
logoutlocation:
  world: world
  x: 243.5
  y: 69.0
  z: 306.5
  yaw: 76.39682
  pitch: 26.804583
