lastAccountName: beta_XiaoXin1900
timestamps:
  login: 1611837972238
  logout: 1611837981225
ipAddress: 127.0.0.1
logoutlocation:
  world: world
  x: -50.515054059526335
  y: 64.0
  z: -237.84587389884027
  yaw: 273.5954
  pitch: 11.249995
