spawns: 
  default: 
    world: world
    x: 243.3824545434892
    y: 70.0
    z: 306.41671252787586
    yaw: 76.39682
    pitch: 26.804583
